val_loss	val_accuracy	loss	accuracy
1.7027	0.3890	1.8680	0.3219
1.6122	0.4258	1.6650	0.4026
1.5384	0.4528	1.5870	0.4320
1.4925	0.4657	1.5246	0.4562
1.4648	0.4778	1.4831	0.4701
1.4565	0.4810	1.4551	0.4807
1.4374	0.4877	1.4305	0.4901
1.4404	0.4894	1.4097	0.4986
1.4184	0.4974	1.3941	0.5033
1.4044	0.5009	1.3788	0.5097
1.4382	0.4909	1.3629	0.5166
1.3917	0.5038	1.3516	0.5209
1.3981	0.5110	1.3402	0.5231
1.3793	0.5108	1.3274	0.5305
1.3833	0.5106	1.3159	0.5326
1.3814	0.5120	1.3060	0.5364
1.3817	0.5146	1.2960	0.5417
1.3774	0.5176	1.2885	0.5432
1.4040	0.5086	1.2777	0.5473
1.3791	0.5054	1.2718	0.5485
1.3719	0.5162	1.2633	0.5518
1.3772	0.5109	1.2549	0.5531
1.3840	0.5109	1.2464	0.5576
1.3873	0.5118	1.2402	0.5589
1.3769	0.5189	1.2329	0.5616
1.3987	0.5138	1.2280	0.5623
1.3823	0.5170	1.2217	0.5647
1.3949	0.5142	1.2123	0.5695
1.3884	0.5186	1.2073	0.5717
1.3938	0.5114	1.2006	0.5754
1.3730	0.5212	1.1942	0.5760
1.3810	0.5184	1.1908	0.5790
1.3828	0.5214	1.1829	0.5804
1.4076	0.5150	1.1767	0.5833
1.4212	0.5082	1.1707	0.5832
1.3823	0.5183	1.1669	0.5862
1.4078	0.5095	1.1607	0.5878
1.4295	0.5153	1.1559	0.5906
1.4003	0.5211	1.1500	0.5936
1.4029	0.5167	1.1434	0.5929
1.4147	0.5141	1.1386	0.5956
1.4105	0.5216	1.1339	0.5980
1.4119	0.5182	1.1295	0.6006
1.4060	0.5181	1.1238	0.6018
1.4241	0.5166	1.1185	0.6028
1.4175	0.5192	1.1153	0.6023
1.4330	0.5127	1.1051	0.6073
1.4282	0.5168	1.1026	0.6067
1.4497	0.5152	1.0964	0.6104
1.4339	0.5132	1.0913	0.6132
1.4409	0.5144	1.0879	0.6118
1.4539	0.5157	1.0824	0.6165
1.4565	0.5126	1.0768	0.6174
1.4640	0.5189	1.0723	0.6195
1.4606	0.5137	1.0677	0.6212
1.4664	0.5162	1.0622	0.6240
1.4594	0.5156	1.0599	0.6237
1.4781	0.5109	1.0549	0.6246
1.4828	0.5119	1.0507	0.6263
1.4896	0.5121	1.0451	0.6295
1.4785	0.5034	1.0430	0.6316
1.5014	0.5131	1.0363	0.6325
1.4910	0.5073	1.0338	0.6333
1.4920	0.5074	1.0254	0.6363
1.5158	0.5056	1.0225	0.6384
1.5058	0.5080	1.0196	0.6375
1.4966	0.5086	1.0134	0.6404
1.5110	0.5106	1.0093	0.6413
1.5376	0.4999	1.0031	0.6423
1.5440	0.5094	1.0022	0.6434
1.5332	0.5059	0.9961	0.6471
1.5648	0.5032	0.9922	0.6470
1.5475	0.5024	0.9884	0.6502
1.5419	0.5041	0.9837	0.6516
1.5396	0.5035	0.9791	0.6530
1.5607	0.5079	0.9778	0.6555
1.5773	0.5048	0.9703	0.6541
1.5840	0.5008	0.9665	0.6565
1.5657	0.5066	0.9619	0.6598
1.6007	0.5029	0.9590	0.6602
1.5815	0.5050	0.9560	0.6614
1.5959	0.5018	0.9519	0.6628
1.6076	0.5026	0.9468	0.6644
1.6094	0.5037	0.9432	0.6654
1.6115	0.5017	0.9388	0.6652
1.6269	0.5045	0.9381	0.6665
1.6212	0.5005	0.9334	0.6696
1.6478	0.5032	0.9271	0.6717
1.6346	0.5027	0.9251	0.6716
1.6653	0.4897	0.9227	0.6712
1.6765	0.5007	0.9156	0.6757
1.6722	0.4923	0.9135	0.6768
1.6619	0.4977	0.9097	0.6793
1.6827	0.4993	0.9058	0.6792
1.6799	0.4949	0.9039	0.6780
1.7058	0.4961	0.9011	0.6809
1.6900	0.4990	0.8974	0.6829
1.7090	0.4991	0.8898	0.6846
1.7296	0.4971	0.8893	0.6836
1.7283	0.4933	0.8841	0.6852
1.7220	0.4996	0.8839	0.6851
1.7548	0.4887	0.8739	0.6896
1.7434	0.4956	0.8748	0.6889
1.7463	0.4975	0.8737	0.6898
1.7608	0.4947	0.8692	0.6915
1.7550	0.4953	0.8641	0.6932
1.7692	0.4939	0.8591	0.6953
1.7821	0.4932	0.8593	0.6929
1.7985	0.4908	0.8530	0.6974
1.8034	0.4893	0.8516	0.6979
1.7906	0.4928	0.8481	0.6982
1.8147	0.4907	0.8461	0.7018
1.8231	0.4908	0.8412	0.7016
1.8385	0.4884	0.8407	0.7019
1.8395	0.4869	0.8351	0.7050
1.8571	0.4920	0.8329	0.7049
1.8413	0.4962	0.8282	0.7061
1.8634	0.4909	0.8254	0.7067
1.8890	0.4904	0.8225	0.7093
1.8426	0.4916	0.8179	0.7101
1.8910	0.4895	0.8153	0.7116
1.8952	0.4879	0.8133	0.7124
1.8921	0.4909	0.8092	0.7137
1.9077	0.4854	0.8060	0.7148
1.9302	0.4896	0.8042	0.7154
1.9473	0.4851	0.8029	0.7186
1.9333	0.4863	0.7976	0.7175
1.9514	0.4847	0.7952	0.7187
1.9554	0.4885	0.7920	0.7209
1.9797	0.4829	0.7892	0.7222
1.9702	0.4848	0.7877	0.7212
1.9936	0.4896	0.7853	0.7220
1.9744	0.4837	0.7804	0.7231
2.0064	0.4862	0.7770	0.7241
1.9965	0.4837	0.7746	0.7261
1.9983	0.4805	0.7742	0.7269
2.0185	0.4854	0.7684	0.7276
2.0305	0.4894	0.7716	0.7279
2.0485	0.4892	0.7647	0.7293
2.0640	0.4838	0.7617	0.7313
2.0536	0.4829	0.7590	0.7308
2.0633	0.4821	0.7564	0.7325
2.0922	0.4837	0.7545	0.7335
2.0896	0.4863	0.7496	0.7338
2.0865	0.4904	0.7470	0.7367
2.1406	0.4723	0.7486	0.7340
2.1169	0.4858	0.7415	0.7396
2.1494	0.4811	0.7386	0.7384
2.1373	0.4911	0.7364	0.7386
2.1503	0.4797	0.7346	0.7398
2.1631	0.4856	0.7328	0.7404
2.1727	0.4832	0.7286	0.7419
2.1626	0.4811	0.7266	0.7421
2.1996	0.4844	0.7275	0.7426
2.1880	0.4795	0.7236	0.7435
2.2362	0.4784	0.7160	0.7472
2.2305	0.4784	0.7166	0.7452
2.2041	0.4802	0.7155	0.7460
2.2309	0.4760	0.7117	0.7489
2.2444	0.4832	0.7110	0.7502
2.2259	0.4773	0.7078	0.7492
2.2395	0.4775	0.7060	0.7494
2.2951	0.4808	0.7064	0.7497
2.2906	0.4777	0.7017	0.7512
2.2780	0.4808	0.7006	0.7524
2.2947	0.4775	0.6986	0.7534
2.3012	0.4741	0.6944	0.7552
2.3082	0.4800	0.6935	0.7542
2.3213	0.4783	0.6871	0.7576
2.3221	0.4751	0.6901	0.7560
2.3267	0.4745	0.6864	0.7571
2.3329	0.4749	0.6865	0.7576
2.3608	0.4820	0.6806	0.7602
2.3696	0.4792	0.6839	0.7585
2.3683	0.4751	0.6769	0.7602
2.3899	0.4725	0.6732	0.7625
2.3972	0.4784	0.6725	0.7628
2.4544	0.4732	0.6686	0.7653
2.4196	0.4760	0.6704	0.7637
2.4522	0.4752	0.6636	0.7662
2.4495	0.4780	0.6653	0.7638
2.4263	0.4720	0.6591	0.7672
2.4643	0.4791	0.6622	0.7665
2.4971	0.4766	0.6537	0.7691
2.4786	0.4753	0.6581	0.7681
2.4563	0.4733	0.6537	0.7699
2.4957	0.4736	0.6495	0.7704
2.4571	0.4717	0.6467	0.7710
2.5378	0.4750	0.6519	0.7694
2.5062	0.4722	0.6499	0.7715
2.5331	0.4779	0.6463	0.7726
2.5689	0.4752	0.6404	0.7740
2.5513	0.4674	0.6443	0.7741
2.5706	0.4693	0.6404	0.7728
2.5479	0.4725	0.6391	0.7749
2.5823	0.4783	0.6355	0.7758
2.5817	0.4708	0.6344	0.7766
2.5669	0.4754	0.6326	0.7773
2.6214	0.4700	0.6341	0.7753
2.6448	0.4704	0.6284	0.7781
2.6383	0.4724	0.6255	0.7799
2.6105	0.4716	0.6249	0.7790
2.6445	0.4676	0.6222	0.7815
2.6786	0.4627	0.6194	0.7833
2.7004	0.4718	0.6253	0.7803
2.6790	0.4704	0.6168	0.7833
2.6339	0.4681	0.6171	0.7826
2.6802	0.4682	0.6175	0.7822
2.6820	0.4638	0.6099	0.7857
2.7180	0.4706	0.6159	0.7829
2.6845	0.4709	0.6089	0.7849
2.7112	0.4769	0.6088	0.7857
2.7470	0.4723	0.6064	0.7858
2.7212	0.4756	0.6026	0.7868
2.7624	0.4694	0.6027	0.7879
2.7856	0.4720	0.6037	0.7874
2.7910	0.4743	0.6006	0.7888
2.7532	0.4729	0.5967	0.7908
2.7691	0.4695	0.5955	0.7893
2.7716	0.4690	0.5958	0.7903
2.8336	0.4628	0.5899	0.7921
2.8359	0.4663	0.5894	0.7924
2.8129	0.4670	0.5973	0.7877
2.8537	0.4675	0.5846	0.7946
2.8424	0.4720	0.5941	0.7923
2.8485	0.4695	0.5868	0.7933
2.8436	0.4658	0.5840	0.7935
2.9191	0.4689	0.5799	0.7961
2.8943	0.4686	0.5833	0.7946
2.8824	0.4709	0.5774	0.7954
2.8957	0.4660	0.5746	0.7984
2.8976	0.4686	0.5771	0.7960
2.9158	0.4682	0.5722	0.7980
2.9464	0.4577	0.5763	0.7980
2.9057	0.4651	0.5701	0.7987
2.9800	0.4619	0.5678	0.8002
2.9529	0.4637	0.5639	0.8003
2.9760	0.4619	0.5728	0.7989
2.9444	0.4661	0.5651	0.8004
2.9953	0.4647	0.5616	0.8026
2.9976	0.4666	0.5655	0.8026
3.0246	0.4587	0.5621	0.8034
3.0585	0.4609	0.5600	0.8017
2.9914	0.4669	0.5589	0.8039
3.0624	0.4633	0.5611	0.8017
3.0007	0.4629	0.5548	0.8070
3.0590	0.4642	0.5502	0.8062
3.0880	0.4581	0.5519	0.8050
3.0990	0.4633	0.5525	0.8051
3.1260	0.4600	0.5502	0.8051
3.0599	0.4674	0.5533	0.8050
3.0779	0.4650	0.5436	0.8099
3.1380	0.4662	0.5487	0.8078
3.1414	0.4662	0.5450	0.8092
3.1098	0.4717	0.5429	0.8098
3.1443	0.4656	0.5396	0.8113
3.1322	0.4616	0.5402	0.8105
3.1219	0.4631	0.5399	0.8100
3.1755	0.4646	0.5412	0.8087
3.2018	0.4668	0.5373	0.8106
3.1915	0.4615	0.5336	0.8116
3.1890	0.4611	0.5324	0.8132
3.2026	0.4617	0.5297	0.8138
3.1883	0.4597	0.5261	0.8141
3.2645	0.4589	0.5268	0.8157
3.2374	0.4639	0.5275	0.8158
3.2826	0.4610	0.5218	0.8154
3.2517	0.4615	0.5275	0.8140
3.2710	0.4627	0.5234	0.8160
3.2462	0.4647	0.5219	0.8167
3.2897	0.4666	0.5167	0.8192
3.3061	0.4612	0.5208	0.8173
3.3040	0.4665	0.5256	0.8145
3.3528	0.4669	0.5072	0.8230
3.3585	0.4597	0.5174	0.8174
3.2852	0.4635	0.5227	0.8169
3.3362	0.4636	0.5106	0.8220
3.3674	0.4604	0.5169	0.8188
3.3530	0.4597	0.5065	0.8230
3.3491	0.4602	0.5167	0.8181
3.3759	0.4610	0.5052	0.8226
3.4023	0.4592	0.5151	0.8199
3.4075	0.4623	0.5095	0.8217
3.4071	0.4594	0.5057	0.8230
3.4124	0.4591	0.5041	0.8222
3.4283	0.4610	0.5066	0.8208
3.4408	0.4599	0.4972	0.8259
3.4270	0.4598	0.5024	0.8232
3.4617	0.4592	0.5006	0.8251
3.4579	0.4533	0.4943	0.8274
3.4850	0.4598	0.5030	0.8234
3.4895	0.4589	0.4944	0.8267
3.5288	0.4558	0.4922	0.8271
3.4729	0.4598	0.4939	0.8273
3.5788	0.4638	0.4973	0.8269
3.4965	0.4569	0.4906	0.8266
3.5315	0.4608	0.4884	0.8285
3.5199	0.4566	0.4900	0.8266
3.5245	0.4576	0.4893	0.8287
3.6083	0.4609	0.4854	0.8290
3.5880	0.4624	0.4842	0.8311
3.5713	0.4584	0.4888	0.8284
3.5837	0.4583	0.4834	0.8299
3.5956	0.4603	0.4822	0.8309
3.5988	0.4562	0.4809	0.8309
3.5973	0.4613	0.4830	0.8302
3.6593	0.4579	0.4757	0.8330
3.6687	0.4568	0.4798	0.8306
3.6645	0.4615	0.4752	0.8338
3.6863	0.4558	0.4789	0.8321
3.6303	0.4651	0.4720	0.8330
3.6828	0.4598	0.4770	0.8321
3.7176	0.4570	0.4758	0.8321
3.7168	0.4618	0.4761	0.8317
3.7226	0.4571	0.4658	0.8370
3.6972	0.4580	0.4691	0.8360
3.6795	0.4558	0.4754	0.8341
3.7300	0.4536	0.4626	0.8369
3.7843	0.4552	0.4683	0.8346
3.7876	0.4557	0.4653	0.8375
3.7567	0.4567	0.4633	0.8391
3.7241	0.4586	0.4673	0.8360
3.7975	0.4576	0.4645	0.8369
3.7502	0.4560	0.4633	0.8375
3.8165	0.4568	0.4603	0.8393
3.8336	0.4603	0.4581	0.8385
3.7598	0.4574	0.4626	0.8366
3.8251	0.4524	0.4560	0.8407
3.8472	0.4578	0.4528	0.8407
3.8234	0.4575	0.4677	0.8372
3.8809	0.4550	0.4560	0.8407
3.8539	0.4572	0.4560	0.8405
3.8982	0.4590	0.4492	0.8432
3.9337	0.4629	0.4596	0.8382
3.9063	0.4547	0.4442	0.8440
3.9369	0.4549	0.4595	0.8378
3.9574	0.4547	0.4442	0.8452
3.9123	0.4614	0.4551	0.8431
3.9934	0.4568	0.4510	0.8420
3.9371	0.4560	0.4443	0.8444
3.9451	0.4602	0.4404	0.8460
3.9193	0.4614	0.4494	0.8420
3.9622	0.4532	0.4441	0.8447
3.9801	0.4563	0.4428	0.8440
3.9732	0.4598	0.4413	0.8450
3.9818	0.4599	0.4399	0.8449
3.9684	0.4574	0.4392	0.8463
4.0391	0.4565	0.4426	0.8456
4.0722	0.4554	0.4391	0.8455
3.9908	0.4612	0.4387	0.8484
4.0037	0.4530	0.4329	0.8498
4.1194	0.4570	0.4464	0.8452
4.0413	0.4578	0.4335	0.8486
4.1308	0.4539	0.4310	0.8489
4.1796	0.4543	0.4402	0.8461
4.0684	0.4601	0.4388	0.8457
4.0348	0.4502	0.4278	0.8504
4.0856	0.4520	0.4386	0.8467
4.0830	0.4548	0.4279	0.8496
4.1494	0.4609	0.4286	0.8493
4.1538	0.4557	0.4250	0.8507
4.1740	0.4572	0.4305	0.8511
4.1496	0.4557	0.4280	0.8512
4.1357	0.4527	0.4184	0.8539
4.1996	0.4502	0.4285	0.8496
4.2250	0.4529	0.4271	0.8506
4.1567	0.4548	0.4163	0.8538
4.3097	0.4575	0.4264	0.8496
4.2295	0.4505	0.4236	0.8530
4.2767	0.4548	0.4098	0.8564
4.2527	0.4550	0.4300	0.8496
4.2644	0.4498	0.4156	0.8551
4.2951	0.4517	0.4147	0.8564
4.2783	0.4525	0.4209	0.8533
4.2700	0.4518	0.4228	0.8530
4.2722	0.4575	0.4087	0.8568
4.2779	0.4520	0.4178	0.8538
4.3323	0.4555	0.4223	0.8529
4.3092	0.4517	0.4114	0.8569
4.3480	0.4545	0.4182	0.8528
4.3705	0.4540	0.4093	0.8579
4.3860	0.4504	0.4157	0.8548
4.2551	0.4555	0.4151	0.8552
4.3518	0.4539	0.4070	0.8593
4.3173	0.4551	0.4079	0.8580
4.4302	0.4501	0.4009	0.8598
4.4324	0.4551	0.4147	0.8552
4.4020	0.4530	0.4086	0.8555
4.4305	0.4558	0.4044	0.8601
4.4072	0.4552	0.3997	0.8614
4.4783	0.4580	0.4042	0.8610
4.4535	0.4596	0.4056	0.8588
4.3353	0.4560	0.4112	0.8562
4.4884	0.4460	0.3964	0.8608
4.4819	0.4533	0.4074	0.8584
4.4755	0.4545	0.3970	0.8602
4.4750	0.4520	0.4008	0.8603
4.6609	0.4523	0.3907	0.8637
4.5236	0.4538	0.3994	0.8596
4.5784	0.4543	0.3977	0.8616
4.5266	0.4512	0.3982	0.8602
4.5513	0.4491	0.4015	0.8604
4.5398	0.4474	0.3989	0.8614
4.6027	0.4536	0.3902	0.8635
4.5431	0.4504	0.3963	0.8614
4.6149	0.4542	0.3892	0.8646
4.6268	0.4525	0.4045	0.8595
4.5226	0.4524	0.3955	0.8622
4.6016	0.4509	0.3870	0.8652
4.6439	0.4527	0.3868	0.8643
4.6877	0.4506	0.3883	0.8644
4.5554	0.4504	0.3918	0.8646
4.6648	0.4511	0.3939	0.8616
4.7605	0.4494	0.3837	0.8678
4.6604	0.4515	0.3882	0.8653
4.7174	0.4508	0.3892	0.8648
4.6787	0.4492	0.3873	0.8651
4.7791	0.4490	0.3927	0.8625
4.6602	0.4499	0.3830	0.8660
4.6609	0.4497	0.3848	0.8664
4.6699	0.4479	0.3858	0.8644
4.7304	0.4485	0.3865	0.8654
4.7178	0.4503	0.4055	0.8605
4.8024	0.4517	0.3704	0.8710
4.7472	0.4495	0.3818	0.8677
4.7713	0.4515	0.3764	0.8691
4.7685	0.4479	0.3830	0.8653
4.7764	0.4502	0.3837	0.8658
4.7613	0.4441	0.3828	0.8674
4.7673	0.4459	0.3724	0.8710
4.8263	0.4548	0.3751	0.8703
4.8422	0.4490	0.3779	0.8670
4.8466	0.4481	0.3704	0.8706
4.8395	0.4521	0.3784	0.8695
4.7869	0.4485	0.3697	0.8706
4.8621	0.4499	0.3749	0.8707
4.8185	0.4477	0.3779	0.8696
4.9037	0.4487	0.3768	0.8692
4.8934	0.4504	0.3678	0.8721
4.9101	0.4520	0.3733	0.8684
4.9379	0.4492	0.3672	0.8726
4.9580	0.4461	0.3723	0.8701
4.9407	0.4527	0.3737	0.8709
5.0050	0.4439	0.3743	0.8693
4.9896	0.4493	0.3707	0.8695
4.9900	0.4482	0.3712	0.8709
4.9888	0.4502	0.3629	0.8728
5.0422	0.4441	0.3614	0.8759
4.9505	0.4492	0.3709	0.8695
4.9850	0.4433	0.3600	0.8752
5.0002	0.4485	0.3688	0.8717
5.0387	0.4482	0.3677	0.8714
5.0668	0.4466	0.3693	0.8725
5.0229	0.4435	0.3598	0.8755
5.0224	0.4465	0.3665	0.8727
5.0282	0.4461	0.3657	0.8735
5.0159	0.4495	0.3665	0.8725
5.0749	0.4419	0.3544	0.8763
5.1392	0.4464	0.3613	0.8734
5.0693	0.4463	0.3625	0.8726
5.0772	0.4453	0.3638	0.8732
5.0641	0.4413	0.3539	0.8765
5.0876	0.4462	0.3614	0.8743
5.0477	0.4498	0.3560	0.8770
5.1226	0.4482	0.3582	0.8761
5.1387	0.4489	0.3596	0.8757
5.1208	0.4514	0.3520	0.8769
5.1972	0.4469	0.3548	0.8759
5.2236	0.4429	0.3561	0.8756
5.1422	0.4403	0.3498	0.8787
5.1920	0.4483	0.3562	0.8755
5.1537	0.4474	0.3632	0.8754
5.1887	0.4430	0.3501	0.8778
5.2176	0.4409	0.3387	0.8823
5.1878	0.4438	0.3556	0.8746
5.2555	0.4451	0.3442	0.8807
5.1816	0.4455	0.3600	0.8753
5.2929	0.4434	0.3525	0.8785
5.2814	0.4461	0.3481	0.8777
5.3422	0.4442	0.3360	0.8824
5.3630	0.4476	0.3465	0.8784
5.3434	0.4417	0.3427	0.8804
5.3451	0.4397	0.3549	0.8779
5.2962	0.4419	0.3482	0.8779
5.3292	0.4424	0.3331	0.8850
5.3821	0.4447	0.3442	0.8808
5.4498	0.4446	0.3523	0.8779
5.3628	0.4495	0.3396	0.8830
5.3775	0.4436	0.3461	0.8786
5.3965	0.4446	0.3364	0.8834
5.3043	0.4416	0.3449	0.8810
5.5070	0.4442	0.3550	0.8789
5.3732	0.4441	0.3400	0.8811
5.3475	0.4472	0.3450	0.8798
5.3612	0.4441	0.3333	0.8838
5.4600	0.4419	0.3334	0.8828
5.4512	0.4432	0.3332	0.8842
5.4340	0.4475	0.3517	0.8789
5.4462	0.4440	0.3247	0.8874
5.4923	0.4394	0.3370	0.8835
5.5354	0.4447	0.3378	0.8824
5.5604	0.4433	0.3328	0.8856
5.4534	0.4400	0.3352	0.8835
5.5114	0.4442	0.3418	0.8824
5.4985	0.4448	0.3331	0.8848
5.5811	0.4446	0.3294	0.8851
5.5147	0.4443	0.3355	0.8832
5.5126	0.4393	0.3327	0.8850
5.5487	0.4399	0.3367	0.8854
5.5279	0.4448	0.3460	0.8815
5.5766	0.4424	0.3208	0.8888
5.6600	0.4483	0.3339	0.8832
5.5783	0.4419	0.3241	0.8876
5.5840	0.4440	0.3383	0.8827
5.5740	0.4466	0.3284	0.8871
5.6942	0.4447	0.3351	0.8837
5.6167	0.4408	0.3262	0.8865
5.7054	0.4428	0.3217	0.8879
5.6186	0.4420	0.3280	0.8853
5.6654	0.4468	0.3172	0.8894
5.6832	0.4416	0.3475	0.8810
5.6589	0.4478	0.3101	0.8927
5.6944	0.4428	0.3237	0.8876
5.6447	0.4418	0.3191	0.8900
5.7279	0.4419	0.3300	0.8853
5.6433	0.4412	0.3253	0.8879
5.7114	0.4449	0.3290	0.8862
5.7380	0.4417	0.3120	0.8927
5.7507	0.4388	0.3196	0.8872
5.6246	0.4402	0.3304	0.8863
5.7005	0.4414	0.3217	0.8899
5.7730	0.4434	0.3299	0.8863
5.7291	0.4434	0.3195	0.8904
5.7666	0.4471	0.3128	0.8906
5.7835	0.4439	0.3197	0.8895
5.8047	0.4401	0.3104	0.8918
5.7758	0.4347	0.3151	0.8916
5.8745	0.4444	0.3157	0.8916
5.8659	0.4431	0.3102	0.8939
5.8068	0.4431	0.3253	0.8869
5.8739	0.4409	0.3060	0.8954
5.8794	0.4375	0.3163	0.8886
5.8537	0.4395	0.3134	0.8911
5.8521	0.4394	0.3177	0.8904
5.8499	0.4400	0.3136	0.8922
5.9229	0.4444	0.3064	0.8940
5.8373	0.4445	0.3171	0.8897
5.8877	0.4420	0.3112	0.8930
5.9463	0.4412	0.3084	0.8939
5.9779	0.4410	0.3076	0.8942
5.9373	0.4442	0.3041	0.8959
6.0222	0.4402	0.3120	0.8918
5.9860	0.4429	0.3135	0.8920
6.0538	0.4389	0.3042	0.8960
5.9967	0.4344	0.2999	0.8973
5.9165	0.4436	0.3192	0.8884
6.0405	0.4440	0.2986	0.8960
6.0111	0.4416	0.3093	0.8932
5.9507	0.4399	0.3090	0.8926
6.1072	0.4391	0.3030	0.8937
6.0109	0.4342	0.3066	0.8946
6.0967	0.4426	0.3034	0.8963
6.0165	0.4378	0.3074	0.8940
6.0933	0.4413	0.2979	0.8983
6.0885	0.4388	0.3004	0.8961
6.0677	0.4434	0.3047	0.8938
6.0629	0.4410	0.2973	0.8960
6.1673	0.4423	0.3028	0.8952
6.1124	0.4426	0.3047	0.8954
6.0515	0.4398	0.2840	0.9033
6.0844	0.4426	0.3129	0.8911
6.0830	0.4396	0.3001	0.8977
6.2399	0.4395	0.2955	0.8979
6.2043	0.4380	0.3097	0.8945
6.1281	0.4418	0.3056	0.8938
6.1773	0.4365	0.2915	0.8981
6.2319	0.4410	0.2989	0.8942
6.2553	0.4374	0.2945	0.8985
6.2671	0.4394	0.3010	0.8971
6.2778	0.4385	0.2931	0.8973
6.2447	0.4387	0.2950	0.8982
6.3021	0.4387	0.2938	0.8990
6.2763	0.4352	0.2966	0.8971
6.3085	0.4355	0.2863	0.9016
6.3240	0.4402	0.3007	0.8971
6.3481	0.4407	0.2982	0.8956
6.2498	0.4408	0.2857	0.9018
6.2833	0.4396	0.2877	0.9002
6.3713	0.4365	0.2992	0.8971
6.3812	0.4366	0.2899	0.9003
6.3612	0.4384	0.2852	0.9004
6.3812	0.4384	0.2827	0.9017
6.3469	0.4356	0.3077	0.8939
6.4312	0.4389	0.2951	0.8982
6.4572	0.4380	0.2826	0.9023
6.3282	0.4380	0.2998	0.8965
6.4722	0.4352	0.2845	0.9008
6.4335	0.4388	0.2831	0.9028
6.4384	0.4359	0.2850	0.9012
6.5040	0.4396	0.2939	0.8995
