val_loss	val_accuracy	loss	accuracy
2.2742	0.1438	2.2938	0.1096
2.1344	0.1956	2.1921	0.1852
1.9876	0.2859	2.0773	0.2457
1.8699	0.3229	1.9083	0.3133
1.7719	0.3658	1.8109	0.3514
1.7041	0.3872	1.7371	0.3786
1.7080	0.3847	1.6909	0.3963
1.6378	0.4235	1.6613	0.4076
1.6132	0.4288	1.6339	0.4188
1.6123	0.4234	1.6127	0.4244
1.5825	0.4354	1.5937	0.4335
1.5854	0.4397	1.5745	0.4396
1.5503	0.4501	1.5572	0.4465
1.5375	0.4485	1.5404	0.4528
1.5333	0.4552	1.5229	0.4585
1.5141	0.4650	1.5075	0.4650
1.5233	0.4579	1.4892	0.4708
1.4753	0.4766	1.4734	0.4762
1.4704	0.4733	1.4609	0.4815
1.4451	0.4855	1.4460	0.4868
1.4971	0.4705	1.4301	0.4914
1.4614	0.4837	1.4162	0.4945
1.4132	0.4961	1.4046	0.5014
1.3960	0.5026	1.3908	0.5063
1.4023	0.5010	1.3801	0.5103
1.4362	0.4933	1.3690	0.5143
1.3821	0.5043	1.3591	0.5179
1.3990	0.5067	1.3514	0.5225
1.4161	0.5037	1.3414	0.5246
1.3841	0.5040	1.3345	0.5250
1.4008	0.5002	1.3267	0.5298
1.3569	0.5194	1.3196	0.5305
1.3684	0.5154	1.3117	0.5358
1.3809	0.5119	1.3038	0.5380
1.3671	0.5121	1.2964	0.5407
1.3557	0.5185	1.2908	0.5427
1.3561	0.5155	1.2839	0.5456
1.3465	0.5213	1.2775	0.5465
1.3462	0.5194	1.2720	0.5494
1.3453	0.5197	1.2643	0.5523
1.3527	0.5221	1.2592	0.5525
1.3480	0.5248	1.2533	0.5549
1.3627	0.5191	1.2481	0.5576
1.3391	0.5266	1.2419	0.5603
1.3405	0.5262	1.2372	0.5614
1.3458	0.5237	1.2320	0.5633
1.3601	0.5151	1.2278	0.5650
1.3614	0.5214	1.2204	0.5686
1.4037	0.5073	1.2172	0.5697
1.3445	0.5223	1.2132	0.5694
1.3498	0.5277	1.2053	0.5708
1.3670	0.5163	1.2030	0.5711
1.3517	0.5238	1.1970	0.5762
1.3535	0.5262	1.1942	0.5769
1.3350	0.5308	1.1871	0.5791
1.3379	0.5263	1.1832	0.5805
1.3386	0.5303	1.1778	0.5810
1.3387	0.5292	1.1751	0.5825
1.3566	0.5267	1.1707	0.5832
1.3248	0.5342	1.1650	0.5867
1.3569	0.5269	1.1613	0.5884
1.3488	0.5291	1.1571	0.5908
1.3539	0.5244	1.1520	0.5928
1.3426	0.5321	1.1481	0.5924
1.3512	0.5304	1.1430	0.5950
1.3629	0.5267	1.1384	0.5973
1.3769	0.5192	1.1347	0.6004
1.3708	0.5275	1.1302	0.6004
1.3597	0.5291	1.1250	0.6015
1.3716	0.5274	1.1204	0.6028
1.3488	0.5321	1.1193	0.6030
1.3678	0.5276	1.1125	0.6050
1.4263	0.5124	1.1088	0.6067
1.3887	0.5140	1.1053	0.6081
1.3675	0.5247	1.0999	0.6095
1.3700	0.5276	1.0980	0.6115
1.3912	0.5221	1.0928	0.6117
1.3950	0.5237	1.0897	0.6139
1.3741	0.5298	1.0865	0.6164
1.3884	0.5322	1.0798	0.6174
1.4075	0.5182	1.0773	0.6178
1.3868	0.5245	1.0735	0.6179
1.3878	0.5308	1.0675	0.6225
1.4138	0.5204	1.0650	0.6237
1.3966	0.5264	1.0617	0.6237
1.4074	0.5244	1.0567	0.6256
1.3764	0.5300	1.0520	0.6276
1.4033	0.5207	1.0498	0.6278
1.3882	0.5289	1.0459	0.6301
1.4231	0.5189	1.0419	0.6317
1.4143	0.5250	1.0364	0.6325
1.3947	0.5266	1.0343	0.6325
1.4116	0.5272	1.0286	0.6361
1.3900	0.5317	1.0266	0.6359
1.4128	0.5270	1.0241	0.6372
1.4431	0.5201	1.0192	0.6393
1.4278	0.5254	1.0149	0.6417
1.4182	0.5286	1.0115	0.6427
1.4229	0.5280	1.0064	0.6432
1.4435	0.5239	1.0036	0.6436
1.4277	0.5218	1.0007	0.6453
1.4149	0.5254	0.9978	0.6456
1.4531	0.5217	0.9942	0.6477
1.4641	0.5217	0.9885	0.6494
1.4434	0.5203	0.9853	0.6493
1.4445	0.5237	0.9822	0.6532
1.4437	0.5228	0.9781	0.6519
1.4607	0.5182	0.9751	0.6544
1.4615	0.5160	0.9716	0.6551
1.4804	0.5179	0.9673	0.6578
1.4695	0.5207	0.9649	0.6589
1.4724	0.5131	0.9618	0.6589
1.4472	0.5196	0.9566	0.6611
1.5049	0.5153	0.9554	0.6611
1.4750	0.5158	0.9508	0.6631
1.4768	0.5236	0.9455	0.6649
1.4736	0.5171	0.9451	0.6647
1.4691	0.5213	0.9411	0.6661
1.5528	0.5119	0.9358	0.6700
1.4733	0.5179	0.9352	0.6706
1.5218	0.5176	0.9297	0.6712
1.4993	0.5227	0.9277	0.6727
1.4908	0.5177	0.9234	0.6728
1.5015	0.5172	0.9201	0.6736
1.5760	0.4964	0.9180	0.6740
1.5038	0.5271	0.9139	0.6750
1.5087	0.5136	0.9108	0.6775
1.5348	0.5153	0.9067	0.6789
1.5268	0.5191	0.9038	0.6784
1.5066	0.5203	0.9009	0.6823
1.5313	0.5179	0.8982	0.6810
1.5819	0.5160	0.8934	0.6844
1.5669	0.5151	0.8912	0.6853
1.5307	0.5204	0.8865	0.6856
1.5750	0.5136	0.8831	0.6882
1.6420	0.4995	0.8813	0.6870
1.5401	0.5167	0.8768	0.6904
1.5642	0.5130	0.8753	0.6914
1.5515	0.5178	0.8713	0.6907
1.5433	0.5141	0.8682	0.6927
1.5664	0.5197	0.8657	0.6933
1.6019	0.5122	0.8605	0.6955
1.5739	0.5125	0.8593	0.6952
1.5841	0.5166	0.8547	0.6983
1.5708	0.5194	0.8526	0.6982
1.6070	0.5104	0.8509	0.6975
1.5724	0.5202	0.8455	0.7016
1.6156	0.5092	0.8428	0.7009
1.6192	0.5060	0.8408	0.7013
1.6409	0.5119	0.8365	0.7043
1.6000	0.5176	0.8330	0.7055
1.6675	0.5089	0.8316	0.7062
1.6109	0.5134	0.8286	0.7074
1.6250	0.5075	0.8236	0.7080
1.6614	0.5110	0.8203	0.7089
1.6366	0.5095	0.8197	0.7109
1.6532	0.5105	0.8154	0.7110
1.6549	0.5049	0.8112	0.7128
1.6421	0.5173	0.8110	0.7122
1.6490	0.5157	0.8067	0.7155
1.6799	0.5107	0.8021	0.7168
1.6732	0.5069	0.7993	0.7170
1.6704	0.5172	0.7981	0.7159
1.6495	0.5150	0.7967	0.7176
1.7063	0.5112	0.7893	0.7208
1.6767	0.5079	0.7874	0.7205
1.6865	0.5088	0.7850	0.7210
1.6709	0.5160	0.7818	0.7213
1.7664	0.4933	0.7799	0.7231
1.7099	0.5090	0.7771	0.7218
1.7028	0.5068	0.7742	0.7267
1.7357	0.5030	0.7703	0.7274
1.7350	0.5141	0.7688	0.7266
1.7331	0.5069	0.7633	0.7302
1.7425	0.5093	0.7617	0.7294
1.7498	0.5150	0.7594	0.7307
1.7907	0.5014	0.7560	0.7295
1.7722	0.5024	0.7544	0.7327
1.7559	0.5064	0.7509	0.7331
1.7564	0.5091	0.7474	0.7349
1.7678	0.5026	0.7433	0.7378
1.7838	0.5114	0.7424	0.7352
1.7843	0.5119	0.7403	0.7381
1.7774	0.5057	0.7344	0.7403
1.7953	0.5024	0.7332	0.7406
1.8073	0.5068	0.7291	0.7419
1.8225	0.5035	0.7278	0.7420
1.8364	0.5121	0.7250	0.7423
1.8360	0.5039	0.7210	0.7429
1.8490	0.5024	0.7180	0.7462
1.9091	0.4935	0.7158	0.7458
1.8317	0.5101	0.7131	0.7469
1.8310	0.5068	0.7093	0.7498
1.8890	0.4898	0.7097	0.7473
1.8367	0.5117	0.7039	0.7497
1.8410	0.5103	0.7030	0.7524
1.8636	0.5027	0.6984	0.7522
1.8511	0.5089	0.6980	0.7522
1.8595	0.5024	0.6942	0.7531
1.9007	0.4992	0.6887	0.7561
1.9032	0.4912	0.6886	0.7546
1.9044	0.5107	0.6880	0.7556
1.9030	0.5094	0.6838	0.7589
1.8913	0.5028	0.6810	0.7568
1.9357	0.5011	0.6753	0.7601
1.9541	0.5039	0.6739	0.7588
1.9328	0.5002	0.6732	0.7617
1.9555	0.5031	0.6691	0.7619
1.9572	0.5064	0.6669	0.7630
1.9739	0.5047	0.6669	0.7636
1.9663	0.4959	0.6628	0.7653
1.9638	0.4979	0.6601	0.7649
1.9751	0.5045	0.6563	0.7661
1.9611	0.5005	0.6543	0.7679
2.0013	0.4979	0.6481	0.7701
1.9975	0.5041	0.6466	0.7711
1.9999	0.5059	0.6449	0.7716
2.0242	0.5008	0.6436	0.7694
2.0259	0.4940	0.6413	0.7723
1.9978	0.5011	0.6385	0.7738
2.0737	0.4875	0.6358	0.7732
2.0640	0.4938	0.6341	0.7751
2.0609	0.4999	0.6315	0.7779
2.0408	0.4996	0.6268	0.7765
2.0782	0.4969	0.6265	0.7775
2.1290	0.4980	0.6204	0.7787
2.1043	0.5029	0.6212	0.7779
2.0912	0.5034	0.6155	0.7814
2.1251	0.4930	0.6154	0.7808
2.1475	0.4983	0.6141	0.7817
2.1387	0.4977	0.6116	0.7830
2.1874	0.4973	0.6077	0.7839
2.1430	0.5083	0.6036	0.7862
2.1380	0.5012	0.6015	0.7861
2.1679	0.4997	0.5991	0.7871
2.1911	0.4961	0.5964	0.7879
2.1947	0.4960	0.5961	0.7878
2.2153	0.4943	0.5944	0.7885
2.2202	0.4939	0.5884	0.7907
2.2348	0.4960	0.5889	0.7915
2.2454	0.4953	0.5859	0.7909
2.2606	0.4935	0.5886	0.7923
2.2694	0.4876	0.5838	0.7927
2.2402	0.4950	0.5800	0.7953
2.2428	0.5018	0.5772	0.7957
2.2753	0.4947	0.5758	0.7965
2.2467	0.4934	0.5744	0.7947
2.2447	0.4979	0.5689	0.7971
2.2358	0.4968	0.5745	0.7963
2.2725	0.4980	0.5651	0.7998
2.2739	0.4928	0.5657	0.7983
2.3020	0.4910	0.5620	0.7998
2.3175	0.4918	0.5564	0.8049
2.4358	0.4791	0.5535	0.8027
2.3181	0.4988	0.5544	0.8040
2.4357	0.4799	0.5486	0.8071
2.3117	0.4981	0.5471	0.8048
2.4399	0.4928	0.5443	0.8091
2.4139	0.4903	0.5461	0.8068
2.3860	0.4992	0.5389	0.8083
2.4893	0.4912	0.5394	0.8078
2.4168	0.4960	0.5361	0.8093
2.4041	0.4986	0.5391	0.8082
2.3687	0.4920	0.5450	0.8083
2.4543	0.4838	0.5290	0.8137
2.4327	0.4939	0.5305	0.8143
2.4426	0.4933	0.5247	0.8139
2.4716	0.5039	0.5233	0.8160
2.5032	0.4901	0.5189	0.8173
2.4621	0.4945	0.5209	0.8140
2.5330	0.4926	0.5162	0.8186
2.5223	0.4880	0.5174	0.8164
2.5398	0.4915	0.5142	0.8183
2.5146	0.4966	0.5103	0.8195
2.5197	0.4943	0.5142	0.8169
2.5138	0.4934	0.5085	0.8171
2.5437	0.4887	0.5075	0.8203
2.5362	0.4994	0.5042	0.8221
2.5354	0.4921	0.5011	0.8212
2.5793	0.4927	0.5069	0.8189
2.5459	0.4946	0.5024	0.8226
2.6088	0.4944	0.4925	0.8253
2.6173	0.4959	0.4942	0.8237
2.5868	0.4923	0.4951	0.8247
2.6217	0.4890	0.4874	0.8264
2.6195	0.4896	0.4891	0.8260
2.6831	0.4901	0.4880	0.8272
2.6503	0.4883	0.4841	0.8302
2.7254	0.4950	0.4791	0.8306
2.6689	0.4913	0.4838	0.8279
2.7334	0.4923	0.4782	0.8310
2.7392	0.4866	0.4738	0.8328
2.7926	0.4821	0.4756	0.8319
2.7843	0.4931	0.4720	0.8318
2.7286	0.4926	0.4713	0.8332
2.8035	0.4920	0.4707	0.8336
3.0045	0.4711	0.4805	0.8288
2.7723	0.4907	0.4655	0.8360
2.8379	0.4921	0.4559	0.8389
2.8140	0.4857	0.4652	0.8342
2.7627	0.4895	0.4632	0.8355
2.8364	0.4849	0.4632	0.8357
2.7884	0.4901	0.4579	0.8386
2.8028	0.4908	0.4504	0.8410
2.9252	0.4810	0.4440	0.8430
2.8261	0.4919	0.4500	0.8400
2.8354	0.4900	0.4519	0.8388
2.8932	0.4925	0.4445	0.8425
2.8617	0.4913	0.4362	0.8459
2.8603	0.4970	0.4458	0.8441
2.9101	0.4864	0.4428	0.8421
2.9162	0.4881	0.4435	0.8420
2.9162	0.4934	0.4449	0.8433
2.8746	0.4910	0.4423	0.8442
2.9503	0.4880	0.4287	0.8478
2.9554	0.4778	0.4296	0.8467
3.0347	0.4768	0.4303	0.8470
3.0045	0.4830	0.4250	0.8487
3.0033	0.4888	0.4211	0.8514
3.0464	0.4857	0.4222	0.8511
3.0401	0.4847	0.4189	0.8527
3.0265	0.4835	0.4192	0.8499
3.0148	0.4814	0.4135	0.8532
3.0791	0.4883	0.4087	0.8548
3.0593	0.4790	0.4184	0.8528
3.0640	0.4881	0.4134	0.8542
3.1246	0.4806	0.4085	0.8541
3.1853	0.4877	0.4071	0.8562
3.1719	0.4804	0.4137	0.8527
3.0866	0.4799	0.4105	0.8561
3.1112	0.4868	0.4011	0.8576
3.1587	0.4777	0.4046	0.8585
3.2086	0.4770	0.4005	0.8578
3.1512	0.4891	0.3917	0.8628
3.1929	0.4870	0.4010	0.8581
3.2870	0.4725	0.4017	0.8562
3.2719	0.4771	0.3991	0.8590
3.3398	0.4796	0.3920	0.8609
3.2423	0.4792	0.3901	0.8615
3.2572	0.4876	0.3886	0.8604
3.2711	0.4869	0.3928	0.8610
3.2703	0.4833	0.3870	0.8640
3.3207	0.4884	0.3886	0.8633
3.2802	0.4811	0.3841	0.8664
3.3242	0.4848	0.3965	0.8602
3.3150	0.4774	0.3870	0.8645
3.3252	0.4870	0.3716	0.8711
3.3291	0.4805	0.3721	0.8686
3.3941	0.4810	0.3648	0.8705
3.4602	0.4834	0.3790	0.8668
3.3949	0.4799	0.3589	0.8729
3.3795	0.4854	0.3729	0.8682
3.4303	0.4829	0.3622	0.8725
3.4939	0.4792	0.3955	0.8613
3.4012	0.4863	0.3787	0.8667
3.5007	0.4743	0.3625	0.8729
3.4746	0.4835	0.3638	0.8720
3.6326	0.4720	0.3572	0.8744
3.4908	0.4894	0.3525	0.8742
3.5092	0.4763	0.3536	0.8744
3.4974	0.4796	0.3532	0.8754
3.5846	0.4866	0.3523	0.8771
3.5152	0.4788	0.3572	0.8753
3.6546	0.4822	0.3589	0.8727
3.5222	0.4835	0.3606	0.8737
3.6371	0.4747	0.3740	0.8695
3.5696	0.4799	0.3620	0.8715
3.6329	0.4799	0.3451	0.8783
3.6008	0.4754	0.3362	0.8816
3.6150	0.4894	0.3322	0.8836
3.5834	0.4851	0.3402	0.8807
3.5952	0.4864	0.3374	0.8808
3.6479	0.4792	0.3600	0.8725
3.6133	0.4818	0.3480	0.8783
3.7103	0.4818	0.3282	0.8835
3.6726	0.4780	0.3329	0.8818
3.6632	0.4855	0.3488	0.8775
3.6627	0.4826	0.3369	0.8808
3.7180	0.4860	0.3358	0.8814
3.6633	0.4776	0.3156	0.8887
3.7751	0.4878	0.3161	0.8886
3.7687	0.4814	0.3283	0.8836
3.8175	0.4798	0.3219	0.8878
3.7441	0.4885	0.3405	0.8824
3.7964	0.4774	0.3302	0.8852
3.8310	0.4810	0.3134	0.8892
3.8382	0.4813	0.3468	0.8762
3.7980	0.4851	0.3317	0.8835
3.8251	0.4809	0.3102	0.8906
3.8364	0.4762	0.3223	0.8861
3.8898	0.4848	0.3182	0.8886
3.8476	0.4875	0.3127	0.8910
3.9078	0.4730	0.3131	0.8906
3.9057	0.4811	0.3061	0.8926
3.9564	0.4811	0.3053	0.8931
3.9647	0.4810	0.3254	0.8873
3.8788	0.4821	0.3329	0.8839
3.8923	0.4807	0.2993	0.8953
4.0061	0.4859	0.2942	0.8953
3.9879	0.4894	0.2949	0.8968
4.0547	0.4805	0.2962	0.8937
4.1245	0.4788	0.2820	0.9004
4.1382	0.4770	0.2905	0.8993
4.1093	0.4770	0.3358	0.8831
4.1305	0.4809	0.3129	0.8894
4.0458	0.4828	0.3056	0.8939
4.0539	0.4818	0.3180	0.8886
4.0112	0.4763	0.3069	0.8906
4.0234	0.4758	0.2911	0.8964
4.0704	0.4761	0.2997	0.8932
4.1108	0.4858	0.3018	0.8941
4.0923	0.4817	0.2974	0.8933
4.0525	0.4728	0.3077	0.8938
4.2566	0.4736	0.2875	0.9006
4.1139	0.4850	0.2810	0.9012
4.1659	0.4764	0.2787	0.9024
4.1407	0.4756	0.2855	0.8991
4.2212	0.4802	0.2737	0.9033
4.2382	0.4825	0.2898	0.8974
4.2045	0.4820	0.2709	0.9056
4.2727	0.4765	0.2918	0.8982
4.2495	0.4806	0.2838	0.9007
4.2837	0.4868	0.2595	0.9092
4.2823	0.4699	0.2874	0.8974
4.3458	0.4806	0.2866	0.8996
4.3689	0.4785	0.2878	0.8990
4.2340	0.4735	0.2938	0.8976
4.3000	0.4762	0.2652	0.9074
4.2970	0.4780	0.2731	0.9047
4.3803	0.4763	0.2698	0.9060
4.3716	0.4812	0.2561	0.9107
4.4075	0.4771	0.2912	0.8962
4.3527	0.4853	0.2677	0.9057
4.3521	0.4829	0.2689	0.9061
4.4475	0.4807	0.2614	0.9063
4.5040	0.4757	0.2709	0.9034
4.4381	0.4771	0.2545	0.9120
4.5524	0.4733	0.2738	0.9055
4.4386	0.4853	0.2701	0.9054
4.4578	0.4810	0.2621	0.9095
4.7437	0.4713	0.2520	0.9138
4.5174	0.4896	0.2835	0.9004
4.5047	0.4843	0.3003	0.8955
4.4778	0.4839	0.2535	0.9117
4.5545	0.4864	0.2377	0.9167
4.6421	0.4842	0.2461	0.9156
4.6529	0.4705	0.2813	0.9014
4.5141	0.4818	0.2763	0.9013
4.6244	0.4794	0.2367	0.9183
4.5949	0.4789	0.2437	0.9163
4.7958	0.4869	0.2346	0.9181
4.6071	0.4806	0.2606	0.9098
4.7551	0.4723	0.2455	0.9146
4.6863	0.4718	0.2604	0.9092
4.7803	0.4794	0.2470	0.9130
4.6365	0.4839	0.2671	0.9066
4.6835	0.4780	0.2771	0.9019
4.6922	0.4761	0.2560	0.9092
4.7122	0.4814	0.2539	0.9114
4.7916	0.4766	0.2349	0.9186
4.6657	0.4845	0.2180	0.9260
4.7701	0.4799	0.2201	0.9231
4.9232	0.4800	0.2302	0.9199
4.8538	0.4707	0.2743	0.9048
4.6123	0.4771	0.3031	0.8950
4.7628	0.4767	0.2539	0.9113
4.7923	0.4758	0.2176	0.9238
4.8307	0.4799	0.2073	0.9292
4.8298	0.4784	0.2312	0.9186
4.8584	0.4812	0.2287	0.9209
4.9407	0.4819	0.2063	0.9293
4.9620	0.4722	0.2470	0.9157
4.6986	0.4758	0.2815	0.9032
4.8725	0.4810	0.2522	0.9128
4.8579	0.4819	0.2295	0.9197
4.9118	0.4816	0.2128	0.9272
4.9386	0.4786	0.2314	0.9178
5.0430	0.4755	0.2063	0.9290
5.0761	0.4696	0.2309	0.9185
5.2542	0.4718	0.2450	0.9138
5.0156	0.4776	0.2218	0.9229
5.0802	0.4763	0.1958	0.9317
5.1346	0.4849	0.1967	0.9311
5.1643	0.4815	0.2141	0.9249
5.1597	0.4736	0.2553	0.9121
5.0867	0.4789	0.2975	0.8995
5.0624	0.4674	0.2591	0.9096
5.0188	0.4733	0.2321	0.9197
5.1630	0.4852	0.1901	0.9341
5.0867	0.4757	0.2233	0.9242
5.1720	0.4825	0.2078	0.9284
5.2126	0.4787	0.2253	0.9216
5.1594	0.4724	0.2485	0.9137
5.1415	0.4787	0.2331	0.9178
5.2005	0.4760	0.1879	0.9338
5.2742	0.4781	0.1893	0.9357
5.2060	0.4775	0.1802	0.9377
5.3914	0.4720	0.2080	0.9286
5.2041	0.4749	0.2555	0.9122
5.2068	0.4790	0.2084	0.9280
5.3203	0.4817	0.1883	0.9352
5.1994	0.4816	0.2125	0.9259
5.3402	0.4730	0.2291	0.9231
5.3424	0.4698	0.2371	0.9177
5.2648	0.4787	0.2271	0.9213
5.4040	0.4749	0.2084	0.9271
5.3587	0.4744	0.2126	0.9272
5.3560	0.4778	0.1957	0.9329
5.2861	0.4773	0.2029	0.9290
5.5049	0.4797	0.1666	0.9446
5.5580	0.4734	0.1800	0.9375
5.4209	0.4808	0.2134	0.9274
5.4123	0.4780	0.2169	0.9260
5.2148	0.4809	0.3092	0.8962
5.3451	0.4794	0.2243	0.9222
5.2222	0.4805	0.2316	0.9209
5.3243	0.4758	0.2165	0.9261
5.3311	0.4731	0.1872	0.9359
5.4150	0.4852	0.1929	0.9335
5.4677	0.4797	0.1754	0.9394
5.5327	0.4816	0.1994	0.9323
5.5303	0.4663	0.2180	0.9252
5.3495	0.4793	0.2391	0.9182
5.5383	0.4742	0.1939	0.9332
5.6929	0.4759	0.1681	0.9423
5.5072	0.4803	0.1740	0.9410
5.5644	0.4765	0.1975	0.9317
5.5983	0.4799	0.1811	0.9374
5.6119	0.4803	0.1989	0.9327
5.6919	0.4821	0.1856	0.9366
5.7046	0.4724	0.1932	0.9340
5.6156	0.4706	0.2522	0.9147
5.5162	0.4754	0.1890	0.9367
5.6256	0.4759	0.2004	0.9310
5.6601	0.4745	0.1660	0.9426
5.8090	0.4742	0.1409	0.9527
5.8855	0.4776	0.1573	0.9466
5.7959	0.4759	0.1880	0.9371
5.7986	0.4775	0.2327	0.9219
5.5339	0.4693	0.3049	0.9000
5.4961	0.4764	0.2154	0.9258
5.6961	0.4723	0.1672	0.9411
5.7237	0.4731	0.1369	0.9556
5.7559	0.4811	0.1753	0.9404
5.9055	0.4723	0.1658	0.9426
5.8226	0.4811	0.1437	0.9526
5.8337	0.4768	0.2089	0.9301
5.8075	0.4758	0.2003	0.9306
5.8334	0.4799	0.1821	0.9371
5.8854	0.4742	0.1642	0.9447
6.0385	0.4718	0.1368	0.9543
6.0712	0.4740	0.1734	0.9410
5.8985	0.4591	0.2300	0.9211
6.1885	0.4665	0.2250	0.9238
6.2508	0.4568	0.2212	0.9250
5.6934	0.4765	0.2402	0.9184
5.7226	0.4781	0.2003	0.9305
5.7873	0.4749	0.1565	0.9471
5.8667	0.4814	0.1385	0.9535
5.9720	0.4809	0.1232	0.9590
6.0699	0.4802	0.0949	0.9704
6.2033	0.4803	0.1138	0.9620
6.1618	0.4812	0.1195	0.9608
6.1218	0.4780	0.1844	0.9385
6.2994	0.4684	0.1585	0.9471
5.8855	0.4598	0.3791	0.8850
5.5825	0.4746	0.2635	0.9115
5.6719	0.4747	0.1962	0.9332
5.8808	0.4779	0.1466	0.9497
6.0409	0.4735	0.1232	0.9605
6.0842	0.4797	0.0993	0.9692
6.1908	0.4773	0.0922	0.9721
6.3241	0.4769	0.0937	0.9714
6.4009	0.4735	0.1149	0.9628
6.4891	0.4732	0.1439	0.9520
5.9680	0.4715	0.2575	0.9164
6.0181	0.4780	0.2426	0.9185
6.0111	0.4788	0.1943	0.9332
6.0852	0.4743	0.1714	0.9426
6.1154	0.4801	0.1451	0.9507
6.1091	0.4675	0.2314	0.9223
6.0999	0.4743	0.1724	0.9399
6.2057	0.4786	0.1651	0.9456
6.2416	0.4775	0.1468	0.9505
6.1183	0.4735	0.1712	0.9424
6.2902	0.4720	0.1388	0.9521
6.3221	0.4753	0.1056	0.9668
6.6142	0.4716	0.1189	0.9610
6.2469	0.4733	0.2205	0.9299
6.2281	0.4649	0.3184	0.8983
6.0323	0.4764	0.1893	0.9347
6.0511	0.4775	0.1781	0.9396
6.2213	0.4752	0.1092	0.9645
6.3481	0.4770	0.0920	0.9716
6.4496	0.4806	0.0751	0.9779
6.6654	0.4839	0.0669	0.9815
6.7286	0.4737	0.0686	0.9811
6.7899	0.4698	0.0994	0.9703
6.6618	0.4669	0.2123	0.9311
6.0996	0.4634	0.3644	0.8883
