Accuracy
0.0892
0.0977
0.098
0.095
0.0971
0.0959
0.0955
0.0977
0.0963
0.0962
0.0982
0.0974
0.1002
0.0984
0.1002
0.0997
0.1014
0.1016
0.1018
0.0951
0.0943
0.1035
0.1005
0.1
0.0994
0.1008
0.1006
0.1043
0.1035
0.1038
0.1041
0.0985
0.1014
0.1009
0.1042
0.1058
0.102
0.1027
0.1021
0.1005
0.1062
0.106
0.1066
0.1071
0.1029
0.107
0.1115
0.109
0.1081
0.1101
0.1079
0.1052
0.1102
0.1091
0.1061
0.1074
0.114
0.1098
0.1106
0.1063
0.1069
0.1092
0.1062
0.1139
0.1063
0.1082
0.1048
0.1082
0.1041
0.1107
0.106
0.1086
0.1116
0.1081
0.1096
0.1107
0.1092
0.1133
0.1084
0.1095
0.1083
0.1036
0.1072
0.111
0.1097
0.1058
0.109
0.1071
0.109
0.1165
0.1108
0.1111
0.1088
0.1117
0.1111
0.111
0.1074
0.111
0.1068
0.113
0.1106
0.1109
0.1093
0.1058
0.1052
0.106
0.113
0.1069
0.1096
0.1068
0.1055
0.1079
0.1061
0.1126
0.11
0.109
0.106
0.1062
0.1066
0.1083
0.1076
0.1101
0.1061
0.1039
0.1081
0.1049
0.1072
0.112
0.1092
0.1093
0.1098
0.1072
0.1136
0.1082
0.1085
0.1062
0.1115
0.1079
0.1079
0.1056
0.1105
0.1093
0.1059
0.1113
0.1058
0.1091
0.1045
0.1072
0.1027
0.1105
0.1076
0.1067
0.1065
0.1095
0.1098
0.117
0.1187
0.1196
0.1153
0.1275
0.1178
0.1237
0.1295
0.1296
0.1317
0.133
0.1204
0.1163
0.1308
0.1317
0.1367
0.149
0.142
0.1312
0.1435
0.135
0.147
0.154
0.1205
0.1368
0.1399
0.1335
0.1465
0.1447
0.1292
0.1503
0.1394
0.1178
0.1646
0.1757
0.1818
0.2051
0.1526
0.1752
0.1154
0.1935
0.1757
0.1764
0.1582
0.1724
0.1653
0.1818
0.1789
0.1724
0.1642
0.1814
0.2096
0.1626
0.1816
0.1404
0.1475
0.1963

