iter	best_pop	best_loss	best_acc	avg_fitness
1	2	2.301	0.1172	0.0914
2	9	2.305	0.1104	0.0977
3	11	2.3018	0.127	0.1013
4	15	2.2994	0.1276	0.1015
5	11	2.3641	0.147	0.1056
6	2	2.302	0.1206	0.0971
7	17	2.3009	0.1254	0.1036
8	4	2.3023	0.1224	0.0998
9	9	2.3001	0.1314	0.1012
10	7	2.3015	0.155	0.1052
11	19	2.3041	0.1144	0.0996
12	4	2.302	0.135	0.1036
13	3	2.3015	0.1356	0.0975
14	19	2.4375	0.1192	0.0993
15	3	2.3019	0.1232	0.0943
16	8	2.2998	0.1248	0.1045
17	14	2.3002	0.1254	0.0956
18	18	2.4906	0.1178	0.0964
19	15	2.3031	0.1416	0.096
20	10	2.3031	0.1144	0.1002
21	9	2.4679	0.1164	0.1029
22	16	2.3019	0.131	0.1056
23	18	2.325	0.129	0.0992
24	11	2.3047	0.1354	0.0993
25	2	2.3021	0.1246	0.101
26	5	2.3018	0.1148	0.1003
27	3	2.3051	0.109	0.0992
28	12	2.3166	0.1308	0.1022
29	6	2.3035	0.1216	0.1023
30	9	2.3036	0.115	0.0952
31	0	2.3026	0.137	0.0965
32	6	2.3066	0.1126	0.0991
33	4	2.3022	0.127	0.1029
34	3	2.3012	0.133	0.103
35	18	2.3034	0.1244	0.1007
36	6	2.3085	0.1252	0.102
37	3	2.7015	0.1158	0.0985
38	11	2.3036	0.1138	0.0959
39	17	2.3011	0.126	0.0999
40	1	2.3019	0.162	0.1026
41	16	2.3023	0.1194	0.1027
42	13	2.3008	0.121	0.0988
43	11	2.3045	0.1172	0.0951
44	9	2.3157	0.1284	0.0996
45	4	2.3023	0.1408	0.0999
46	8	2.3722	0.134	0.1045
47	17	2.3016	0.1238	0.0998
48	10	2.3024	0.1306	0.0997
49	12	2.301	0.1334	0.1014
50	9	2.3028	0.1144	0.0987
51	7	2.3037	0.119	0.0966
52	10	2.3038	0.1224	0.1015
53	1	2.3025	0.1242	0.0984
54	5	2.3038	0.12	0.0968
55	14	2.2957	0.1178	0.0983
56	14	2.303	0.1252	0.1031
57	19	3.9948	0.1188	0.1011
58	12	2.3018	0.1204	0.0974
59	19	2.3028	0.1132	0.0944
60	9	2.3029	0.1274	0.0989
61	9	2.3035	0.1422	0.1017
62	4	2.3018	0.1248	0.1048
63	0	2.3008	0.1206	0.0994
64	13	2.3025	0.1312	0.1034
65	7	2.3034	0.1324	0.1006
66	8	2.3047	0.1176	0.0983
67	9	2.3024	0.1462	0.1046
68	9	2.3024	0.1488	0.1031
69	11	2.3043	0.1212	0.1014
70	6	2.3027	0.1184	0.0969
71	9	2.305	0.1284	0.1007
72	2	2.3042	0.1164	0.0952
73	0	2.302	0.1308	0.1024
74	12	2.3017	0.1272	0.0956
75	11	2.3058	0.1246	0.1003
76	9	2.3025	0.1158	0.0986
77	3	2.3012	0.123	0.0957
78	7	2.3035	0.1224	0.0954
79	14	2.3025	0.1292	0.0991
80	1	2.3023	0.1234	0.102
81	13	2.3035	0.1194	0.0976
82	2	2.2996	0.1322	0.1061
83	6	2.3035	0.1248	0.1039
84	3	2.3012	0.146	0.1032
85	10	2.3027	0.1184	0.0993
86	10	2.3059	0.1228	0.1026
87	8	2.3041	0.116	0.1012
88	16	2.3004	0.1412	0.1012
89	19	2.4807	0.1196	0.1005
90	18	2.2995	0.1304	0.0981
91	3	2.3023	0.1244	0.1021
92	14	2.3035	0.1134	0.0986
93	1	2.3026	0.1362	0.1028
94	2	2.3062	0.1248	0.099
95	6	2.3079	0.1268	0.1005
96	12	2.3015	0.1158	0.1006
97	14	2.2985	0.1204	0.0992
98	19	2.3012	0.1272	0.1011
99	18	2.303	0.119	0.0992
100	6	2.3008	0.1328	0.102
101	12	2.303	0.1306	0.1005
102	3	2.3037	0.12	0.1004
103	0	2.3028	0.1132	0.0959
104	6	2.3021	0.1308	0.0997
105	19	2.302	0.1084	0.1006
106	19	2.3032	0.1362	0.1016
107	6	2.4023	0.1412	0.1012
108	0	2.3031	0.141	0.1056
109	10	2.303	0.1242	0.1024
110	4	2.3014	0.126	0.099
111	2	2.6451	0.1354	0.0974
112	1	2.3021	0.1216	0.0998
113	0	2.3037	0.1252	0.0962
114	5	2.3039	0.1102	0.0966
115	9	2.3044	0.1272	0.1051
116	1	2.3237	0.1408	0.1099
117	3	2.3019	0.1304	0.101
118	18	2.2902	0.1226	0.103
119	6	2.3031	0.127	0.0988
120	13	2.3028	0.154	0.104
121	10	2.3481	0.1446	0.1003
122	18	2.3028	0.1396	0.1052
123	16	2.3024	0.1206	0.0977
124	0	2.3017	0.1416	0.1041
125	6	2.3026	0.1206	0.101
126	17	2.3033	0.1308	0.0992
127	14	2.3068	0.1304	0.1008
128	14	2.3339	0.1192	0.1002
129	17	2.3019	0.128	0.1034
130	4	2.3009	0.1236	0.1014
131	14	2.3013	0.1392	0.1042
132	9	2.9797	0.1306	0.1008
133	4	2.3014	0.1206	0.096
134	2	2.3026	0.1192	0.1014
135	12	2.5689	0.1466	0.0981
136	14	2.3026	0.1302	0.0992
137	15	2.9074	0.1352	0.1015
138	15	2.3052	0.12	0.099
139	10	2.3023	0.1518	0.1037
140	13	2.3028	0.1268	0.0968
141	1	2.3029	0.1194	0.0998
142	17	3.9993	0.1298	0.0993
143	7	2.3029	0.1156	0.1016
144	7	2.3014	0.1258	0.1035
145	11	2.3028	0.1204	0.1033
146	14	2.4008	0.1396	0.1058
147	4	2.3026	0.1182	0.0916
148	19	2.3184	0.1256	0.0975
149	8	2.2985	0.1332	0.104
150	7	2.2976	0.1272	0.1003
151	7	2.3011	0.1236	0.1012
152	11	2.3021	0.134	0.0982
153	5	2.3025	0.1182	0.1022
154	3	2.3025	0.124	0.1009
155	4	2.3031	0.1142	0.093
156	15	2.3036	0.1244	0.1016
157	2	2.3594	0.1238	0.0974
158	9	2.3025	0.1136	0.0967
159	16	2.3005	0.117	0.1019
160	17	2.3067	0.1354	0.1004
161	11	2.302	0.1256	0.0998
162	2	2.3004	0.1592	0.1007
163	0	2.3379	0.1242	0.096
164	18	2.3001	0.1474	0.097
165	18	2.3024	0.1302	0.1052
166	16	2.3025	0.1192	0.0964
167	12	2.3025	0.116	0.0976
168	0	2.3026	0.114	0.1005
169	7	2.302	0.1086	0.0981
170	7	2.3043	0.13	0.099
171	15	2.3064	0.1452	0.1049
172	6	2.3022	0.1246	0.0989
173	10	2.3036	0.115	0.1011
174	2	2.3082	0.1182	0.1049
175	4	2.3053	0.1218	0.0986
176	15	4.9803	0.1346	0.1037
177	15	2.3004	0.1414	0.0993
178	17	2.3033	0.1284	0.1038
179	2	2.3026	0.116	0.0963
180	2	2.3552	0.1254	0.1026
181	12	2.336	0.1426	0.1033
182	19	2.3037	0.1468	0.1047
183	3	2.3011	0.1482	0.0994
184	10	2.3054	0.1128	0.0972
185	8	2.3091	0.1126	0.0964
186	12	2.3013	0.123	0.0952
187	15	2.3035	0.1314	0.1001
188	17	2.3024	0.1314	0.1011
189	0	2.3022	0.117	0.0993
190	19	2.3022	0.1272	0.1042
191	13	2.306	0.1262	0.0996
192	13	2.3025	0.127	0.0967
193	15	2.3013	0.1222	0.0972
194	18	2.303	0.13	0.1029
195	18	2.3039	0.1178	0.0975
196	16	2.2997	0.1318	0.0997
197	13	2.3047	0.1198	0.0949
198	15	2.4058	0.1238	0.1021
199	3	2.3017	0.1104	0.097
200	7	2.3024	0.1266	0.1023
iter	best_pop	best_loss	best_acc	avg_fitness
1	6	2.3024	0.1368	0.1002
2	58	2.3011	0.1292	0.1014
3	95	2.3024	0.1388	0.1017
4	70	2.3028	0.138	0.0998
5	63	2.3007	0.1316	0.1008
6	6	2.3012	0.1312	0.099
7	78	2.3161	0.1496	0.0994
8	6	2.3009	0.1408	0.1017
9	48	2.3013	0.1456	0.0999
10	27	2.3033	0.1428	0.1002
11	90	2.3009	0.1476	0.1002
12	81	2.3016	0.1446	0.1004
13	33	2.3013	0.1458	0.1017
14	82	2.3018	0.13	0.0986
15	90	2.3029	0.133	0.0986
16	2	2.3023	0.1338	0.0995
17	41	2.3045	0.1256	0.0995
18	88	2.3021	0.1484	0.1018
19	13	2.3636	0.1342	0.1006
20	84	2.3026	0.134	0.0997
21	64	2.3316	0.1364	0.0995
22	95	2.3679	0.1336	0.0995
23	78	2.3029	0.141	0.0994
24	89	2.3006	0.1404	0.1029
25	18	2.3018	0.1228	0.0973
26	20	2.3003	0.1532	0.101
27	69	2.3022	0.1404	0.1012
28	61	2.3011	0.149	0.1012
29	48	2.3009	0.1376	0.0999
30	99	2.2988	0.1334	0.0992
iter	best_pop	best_loss	best_acc	avg_fitness
1	8	2.3037	0.1326	0.1009
2	81	2.3022	0.1368	0.1
3	13	2.3025	0.1464	0.1012
4	33	2.3028	0.1364	0.0992
5	63	2.3006	0.1386	0.1003
6	65	2.6189	0.1468	0.1011
7	89	2.3017	0.1468	0.1006
8	98	2.3017	0.1306	0.0992
9	13	2.3025	0.1264	0.0993
10	29	2.3032	0.1574	0.0995
11	20	2.3025	0.1254	0.1
12	94	2.2997	0.1642	0.1008
13	22	2.3027	0.1368	0.1017
14	69	2.4197	0.1424	0.1011
15	3	2.3025	0.1288	0.1015
16	47	3.4536	0.1332	0.0987
17	90	2.3044	0.1284	0.1
18	77	3.2336	0.145	0.1009
19	51	2.3024	0.1342	0.1015
20	67	2.3018	0.1332	0.0994
21	78	2.3005	0.1304	0.101
22	13	2.3025	0.1396	0.1019
23	76	2.3868	0.1396	0.1001
24	62	2.2989	0.1254	0.0995
25	13	2.3002	0.1412	0.0997
26	43	2.2977	0.1336	0.1002
27	51	2.3015	0.1356	0.1003
28	12	2.3009	0.139	0.1009
29	57	2.3013	0.1522	0.1008
30	51	2.3023	0.1368	0.1014
iter	best_pop	best_loss	best_acc	avg_fitness
1	16	2.3044	0.1392	0.0998
2	67	2.5505	0.1536	0.099
3	71	2.3022	0.1366	0.1015
4	51	3.1424	0.1436	0.0991
5	62	2.3024	0.1476	0.0984
6	28	2.3014	0.1426	0.0998
7	88	2.301	0.133	0.101
8	99	2.3026	0.1358	0.0995
9	9	2.9492	0.1272	0.0988
10	57	2.6462	0.1342	0.0988
11	79	2.3025	0.1366	0.1001
12	73	2.4542	0.1288	0.0987
13	72	2.5254	0.1366	0.101
14	91	2.3026	0.127	0.0991
15	86	3.3961	0.1358	0.0991
16	6	2.5325	0.134	0.0996
17	23	2.3082	0.144	0.1006
18	9	2.298	0.123	0.0989
19	24	2.7204	0.1334	0.0986
20	3	2.3019	0.1324	0.0992
21	48	2.3019	0.1408	0.1
22	56	2.3207	0.1336	0.101
23	72	2.3004	0.1502	0.1017
24	74	2.2987	0.137	0.1013
25	41	3.9403	0.132	0.0982
26	58	2.2979	0.1512	0.0997
27	68	2.3007	0.1414	0.1006
28	58	3.5378	0.1432	0.0997
29	10	2.3004	0.1368	0.0997
30	5	2.3031	0.1302	0.0995
iter	best_pop	best_loss	best_acc	avg_fitness
1	60	2.3039	0.1336	0.0981
2	31	2.2995	0.1412	0.1002
3	62	2.2995	0.1292	0.1019
4	7	2.303	0.1218	0.0985
5	36	2.3064	0.1356	0.0994
6	30	2.3018	0.1558	0.1001
7	53	2.3085	0.1424	0.1019
8	92	2.3019	0.1414	0.1003
9	40	2.299	0.1448	0.0988
10	86	2.3022	0.1416	0.1013
11	43	2.3018	0.1434	0.0998
12	1	7.1846	0.1442	0.101
13	8	2.3085	0.1384	0.0999
14	58	2.3239	0.1392	0.102
15	80	2.3015	0.1446	0.1008
16	62	2.3014	0.1356	0.1038
17	19	2.3115	0.1304	0.0986
18	60	2.2996	0.1382	0.0979
19	3	2.3223	0.1302	0.099
20	74	2.3015	0.139	0.0995
21	81	2.3033	0.1472	0.1002
22	84	2.3074	0.139	0.0997
23	58	2.3012	0.1364	0.0988
24	13	2.302	0.1384	0.1
25	50	2.3002	0.14	0.1001
26	28	2.3085	0.1406	0.1015
27	42	2.335	0.1346	0.0995
28	23	2.3018	0.1312	0.1015
29	7	2.3024	0.1416	0.101
30	79	5.8111	0.1548	0.0999
